{
 "cells": [
  {
   "cell_type": "markdown",
   "id": "52d7850a",
   "metadata": {},
   "source": [
    "# Part 1 - Numpy"
   ]
  },
  {
   "cell_type": "code",
   "execution_count": 1,
   "id": "a820b82b",
   "metadata": {},
   "outputs": [],
   "source": [
    "import numpy as np"
   ]
  },
  {
   "cell_type": "code",
   "execution_count": 2,
   "id": "f90b7465",
   "metadata": {},
   "outputs": [
    {
     "data": {
      "text/plain": [
       "array([[45.87280363,  4.5012198 ,  6.6551037 ,  9.6401066 , 37.05623532,\n",
       "        14.87167186,  7.94525762, 34.40510138, 14.80366598, 42.00072106],\n",
       "       [ 6.41524396, 16.97282717,  5.34913346, 48.41283143, 37.14926876,\n",
       "        46.18045497, 12.98801658, 22.86821305, 31.00732483, 37.4052995 ],\n",
       "       [16.65658568,  5.14404894,  4.72146371,  4.49859394, 16.79259724,\n",
       "        12.51742102, 37.73476066, 18.17011665, 23.59488254, 10.26850232],\n",
       "       [26.56403212, 30.24614212, 37.78932169, 16.78060748, 42.57614922,\n",
       "        19.42314496, 17.03199468, 19.90773979,  2.15765889, 12.59886157],\n",
       "       [42.9779471 , 44.07545181, 29.89125461,  7.73537963, 30.5299144 ,\n",
       "        40.96401405, 12.79068244, 37.70403465, 18.76893496, 25.52419651]])"
      ]
     },
     "execution_count": 2,
     "metadata": {},
     "output_type": "execute_result"
    }
   ],
   "source": [
    "array1 = np.random.uniform(1, 50,(5,10))\n",
    "array1"
   ]
  },
  {
   "cell_type": "code",
   "execution_count": 3,
   "id": "c64311a8",
   "metadata": {},
   "outputs": [
    {
     "data": {
      "text/plain": [
       "array([[ 99.32707416, 116.68508766,  95.4914624 , 102.73450984,\n",
       "        120.66474477,  93.1594319 , 127.80390284, 109.09519124,\n",
       "        103.94332526, 118.37063618],\n",
       "       [ 67.21923825,  91.10475434, 107.36429775,  62.8831492 ,\n",
       "        109.58348584,  70.85435416, 123.07624112, 121.5527204 ,\n",
       "         97.89611985, 112.59295116],\n",
       "       [ 97.88581123, 128.79458899, 116.33127676,  95.50403049,\n",
       "        119.14747064,  89.17648295,  83.53608809, 108.82013741,\n",
       "         99.79067084, 121.76104012],\n",
       "       [ 64.9253607 ,  93.0279834 ,  97.88458844, 116.07853539,\n",
       "        120.65325667,  72.28877361,  89.1519847 , 113.40519769,\n",
       "        120.62263927,  85.96408889],\n",
       "       [107.1948044 , 113.40826796, 127.3520519 ,  65.54236617,\n",
       "         92.0952436 , 105.84403972,  76.88783627, 124.33820872,\n",
       "         87.68884337, 114.66918552],\n",
       "       [ 75.66853935, 128.23963934,  75.36089536, 127.23666856,\n",
       "         71.22327499,  94.45334875,  70.95210493, 100.03367356,\n",
       "         81.73349294, 107.47200629],\n",
       "       [103.4741558 ,  61.8728048 ,  92.61760948, 123.34146219,\n",
       "         78.53430189, 106.96410643,  69.52968798,  84.49952246,\n",
       "        127.34633159, 127.76774416]])"
      ]
     },
     "execution_count": 3,
     "metadata": {},
     "output_type": "execute_result"
    }
   ],
   "source": [
    "array2 = np.random.uniform(60,130,(7,10))\n",
    "array2"
   ]
  },
  {
   "cell_type": "code",
   "execution_count": 4,
   "id": "24cefa5d",
   "metadata": {},
   "outputs": [
    {
     "data": {
      "text/plain": [
       "array([[45.87280363,  4.5012198 ,  6.6551037 ,  9.6401066 , 37.05623532],\n",
       "       [14.87167186,  7.94525762, 34.40510138, 14.80366598, 42.00072106],\n",
       "       [ 6.41524396, 16.97282717,  5.34913346, 48.41283143, 37.14926876],\n",
       "       [46.18045497, 12.98801658, 22.86821305, 31.00732483, 37.4052995 ],\n",
       "       [16.65658568,  5.14404894,  4.72146371,  4.49859394, 16.79259724],\n",
       "       [12.51742102, 37.73476066, 18.17011665, 23.59488254, 10.26850232],\n",
       "       [26.56403212, 30.24614212, 37.78932169, 16.78060748, 42.57614922],\n",
       "       [19.42314496, 17.03199468, 19.90773979,  2.15765889, 12.59886157],\n",
       "       [42.9779471 , 44.07545181, 29.89125461,  7.73537963, 30.5299144 ],\n",
       "       [40.96401405, 12.79068244, 37.70403465, 18.76893496, 25.52419651]])"
      ]
     },
     "execution_count": 4,
     "metadata": {},
     "output_type": "execute_result"
    }
   ],
   "source": [
    "array1 = array1.reshape(-1, 5)\n",
    "array1"
   ]
  },
  {
   "cell_type": "code",
   "execution_count": 5,
   "id": "b93f6f53",
   "metadata": {},
   "outputs": [
    {
     "data": {
      "text/plain": [
       "array([[ 99.32707416, 116.68508766,  95.4914624 , 102.73450984,\n",
       "        120.66474477],\n",
       "       [ 93.1594319 , 127.80390284, 109.09519124, 103.94332526,\n",
       "        118.37063618],\n",
       "       [ 67.21923825,  91.10475434, 107.36429775,  62.8831492 ,\n",
       "        109.58348584],\n",
       "       [ 70.85435416, 123.07624112, 121.5527204 ,  97.89611985,\n",
       "        112.59295116],\n",
       "       [ 97.88581123, 128.79458899, 116.33127676,  95.50403049,\n",
       "        119.14747064],\n",
       "       [ 89.17648295,  83.53608809, 108.82013741,  99.79067084,\n",
       "        121.76104012],\n",
       "       [ 64.9253607 ,  93.0279834 ,  97.88458844, 116.07853539,\n",
       "        120.65325667],\n",
       "       [ 72.28877361,  89.1519847 , 113.40519769, 120.62263927,\n",
       "         85.96408889],\n",
       "       [107.1948044 , 113.40826796, 127.3520519 ,  65.54236617,\n",
       "         92.0952436 ],\n",
       "       [105.84403972,  76.88783627, 124.33820872,  87.68884337,\n",
       "        114.66918552],\n",
       "       [ 75.66853935, 128.23963934,  75.36089536, 127.23666856,\n",
       "         71.22327499],\n",
       "       [ 94.45334875,  70.95210493, 100.03367356,  81.73349294,\n",
       "        107.47200629],\n",
       "       [103.4741558 ,  61.8728048 ,  92.61760948, 123.34146219,\n",
       "         78.53430189],\n",
       "       [106.96410643,  69.52968798,  84.49952246, 127.34633159,\n",
       "        127.76774416]])"
      ]
     },
     "execution_count": 5,
     "metadata": {},
     "output_type": "execute_result"
    }
   ],
   "source": [
    "array2 = array2.reshape(-1, 5)\n",
    "array2"
   ]
  },
  {
   "cell_type": "code",
   "execution_count": 6,
   "id": "a5ffcca3",
   "metadata": {},
   "outputs": [
    {
     "data": {
      "text/plain": [
       "array([[ 45.87280363,   4.5012198 ,   6.6551037 ,   9.6401066 ,\n",
       "         37.05623532],\n",
       "       [ 14.87167186,   7.94525762,  34.40510138,  14.80366598,\n",
       "         42.00072106],\n",
       "       [  6.41524396,  16.97282717,   5.34913346,  48.41283143,\n",
       "         37.14926876],\n",
       "       [ 46.18045497,  12.98801658,  22.86821305,  31.00732483,\n",
       "         37.4052995 ],\n",
       "       [ 16.65658568,   5.14404894,   4.72146371,   4.49859394,\n",
       "         16.79259724],\n",
       "       [ 12.51742102,  37.73476066,  18.17011665,  23.59488254,\n",
       "         10.26850232],\n",
       "       [ 26.56403212,  30.24614212,  37.78932169,  16.78060748,\n",
       "         42.57614922],\n",
       "       [ 19.42314496,  17.03199468,  19.90773979,   2.15765889,\n",
       "         12.59886157],\n",
       "       [ 42.9779471 ,  44.07545181,  29.89125461,   7.73537963,\n",
       "         30.5299144 ],\n",
       "       [ 40.96401405,  12.79068244,  37.70403465,  18.76893496,\n",
       "         25.52419651],\n",
       "       [ 99.32707416, 116.68508766,  95.4914624 , 102.73450984,\n",
       "        120.66474477],\n",
       "       [ 93.1594319 , 127.80390284, 109.09519124, 103.94332526,\n",
       "        118.37063618],\n",
       "       [ 67.21923825,  91.10475434, 107.36429775,  62.8831492 ,\n",
       "        109.58348584],\n",
       "       [ 70.85435416, 123.07624112, 121.5527204 ,  97.89611985,\n",
       "        112.59295116],\n",
       "       [ 97.88581123, 128.79458899, 116.33127676,  95.50403049,\n",
       "        119.14747064],\n",
       "       [ 89.17648295,  83.53608809, 108.82013741,  99.79067084,\n",
       "        121.76104012],\n",
       "       [ 64.9253607 ,  93.0279834 ,  97.88458844, 116.07853539,\n",
       "        120.65325667],\n",
       "       [ 72.28877361,  89.1519847 , 113.40519769, 120.62263927,\n",
       "         85.96408889],\n",
       "       [107.1948044 , 113.40826796, 127.3520519 ,  65.54236617,\n",
       "         92.0952436 ],\n",
       "       [105.84403972,  76.88783627, 124.33820872,  87.68884337,\n",
       "        114.66918552],\n",
       "       [ 75.66853935, 128.23963934,  75.36089536, 127.23666856,\n",
       "         71.22327499],\n",
       "       [ 94.45334875,  70.95210493, 100.03367356,  81.73349294,\n",
       "        107.47200629],\n",
       "       [103.4741558 ,  61.8728048 ,  92.61760948, 123.34146219,\n",
       "         78.53430189],\n",
       "       [106.96410643,  69.52968798,  84.49952246, 127.34633159,\n",
       "        127.76774416]])"
      ]
     },
     "execution_count": 6,
     "metadata": {},
     "output_type": "execute_result"
    }
   ],
   "source": [
    "array = np.concatenate((array1, array2))\n",
    "array"
   ]
  },
  {
   "cell_type": "code",
   "execution_count": 7,
   "id": "1a9b678c",
   "metadata": {},
   "outputs": [
    {
     "data": {
      "text/plain": [
       "array([[ 37.05623532,   6.6551037 ,   9.6401066 ,  45.87280363,\n",
       "          4.5012198 ],\n",
       "       [ 42.00072106,  34.40510138,  14.80366598,  14.87167186,\n",
       "          7.94525762],\n",
       "       [ 37.14926876,   5.34913346,  48.41283143,   6.41524396,\n",
       "         16.97282717],\n",
       "       [ 37.4052995 ,  22.86821305,  31.00732483,  46.18045497,\n",
       "         12.98801658],\n",
       "       [ 16.79259724,   4.72146371,   4.49859394,  16.65658568,\n",
       "          5.14404894],\n",
       "       [ 10.26850232,  18.17011665,  23.59488254,  12.51742102,\n",
       "         37.73476066],\n",
       "       [ 42.57614922,  37.78932169,  16.78060748,  26.56403212,\n",
       "         30.24614212],\n",
       "       [ 12.59886157,  19.90773979,   2.15765889,  19.42314496,\n",
       "         17.03199468],\n",
       "       [ 30.5299144 ,  29.89125461,   7.73537963,  42.9779471 ,\n",
       "         44.07545181],\n",
       "       [ 25.52419651,  37.70403465,  18.76893496,  40.96401405,\n",
       "         12.79068244],\n",
       "       [120.66474477,  95.4914624 , 102.73450984,  99.32707416,\n",
       "        116.68508766],\n",
       "       [118.37063618, 109.09519124, 103.94332526,  93.1594319 ,\n",
       "        127.80390284],\n",
       "       [109.58348584, 107.36429775,  62.8831492 ,  67.21923825,\n",
       "         91.10475434],\n",
       "       [112.59295116, 121.5527204 ,  97.89611985,  70.85435416,\n",
       "        123.07624112],\n",
       "       [119.14747064, 116.33127676,  95.50403049,  97.88581123,\n",
       "        128.79458899],\n",
       "       [121.76104012, 108.82013741,  99.79067084,  89.17648295,\n",
       "         83.53608809],\n",
       "       [120.65325667,  97.88458844, 116.07853539,  64.9253607 ,\n",
       "         93.0279834 ],\n",
       "       [ 85.96408889, 113.40519769, 120.62263927,  72.28877361,\n",
       "         89.1519847 ],\n",
       "       [ 92.0952436 , 127.3520519 ,  65.54236617, 107.1948044 ,\n",
       "        113.40826796],\n",
       "       [114.66918552, 124.33820872,  87.68884337, 105.84403972,\n",
       "         76.88783627],\n",
       "       [ 71.22327499,  75.36089536, 127.23666856,  75.66853935,\n",
       "        128.23963934],\n",
       "       [107.47200629, 100.03367356,  81.73349294,  94.45334875,\n",
       "         70.95210493],\n",
       "       [ 78.53430189,  92.61760948, 123.34146219, 103.4741558 ,\n",
       "         61.8728048 ],\n",
       "       [127.76774416,  84.49952246, 127.34633159, 106.96410643,\n",
       "         69.52968798]])"
      ]
     },
     "execution_count": 7,
     "metadata": {},
     "output_type": "execute_result"
    }
   ],
   "source": [
    "array[:,[4,2,3,0,1]]"
   ]
  },
  {
   "cell_type": "markdown",
   "id": "8c663982",
   "metadata": {},
   "source": [
    "# Part 2 - Panda"
   ]
  },
  {
   "cell_type": "code",
   "execution_count": 8,
   "id": "1b67229e",
   "metadata": {},
   "outputs": [],
   "source": [
    "import pandas as pd"
   ]
  },
  {
   "cell_type": "code",
   "execution_count": 9,
   "id": "b9d60222",
   "metadata": {},
   "outputs": [],
   "source": [
    "assult = pd.read_csv(\"assults.csv\")"
   ]
  },
  {
   "cell_type": "code",
   "execution_count": 10,
   "id": "34ec45bb",
   "metadata": {
    "scrolled": true
   },
   "outputs": [
    {
     "data": {
      "text/html": [
       "<div>\n",
       "<style scoped>\n",
       "    .dataframe tbody tr th:only-of-type {\n",
       "        vertical-align: middle;\n",
       "    }\n",
       "\n",
       "    .dataframe tbody tr th {\n",
       "        vertical-align: top;\n",
       "    }\n",
       "\n",
       "    .dataframe thead th {\n",
       "        text-align: right;\n",
       "    }\n",
       "</style>\n",
       "<table border=\"1\" class=\"dataframe\">\n",
       "  <thead>\n",
       "    <tr style=\"text-align: right;\">\n",
       "      <th></th>\n",
       "      <th>Index</th>\n",
       "      <th>Area_unit_2013_code</th>\n",
       "      <th>Area_unit_2013_label</th>\n",
       "      <th>Victimisations_calendar_year_2015</th>\n",
       "      <th>Population_mid_point_2015</th>\n",
       "      <th>Rate_per_10000_population</th>\n",
       "      <th>Rate_ratio_NZ_average_rate</th>\n",
       "      <th>Urban_area_2013_code</th>\n",
       "      <th>Urban_area_2013_label</th>\n",
       "      <th>Urban_area_type</th>\n",
       "      <th>Territorial_authority_area_2013_code</th>\n",
       "      <th>Territorial_authority_area_2013_label</th>\n",
       "      <th>Region_2013_code</th>\n",
       "      <th>Region_2013_label</th>\n",
       "    </tr>\n",
       "  </thead>\n",
       "  <tbody>\n",
       "    <tr>\n",
       "      <th>0</th>\n",
       "      <td>1</td>\n",
       "      <td>514102</td>\n",
       "      <td>Auckland Central West</td>\n",
       "      <td>550</td>\n",
       "      <td>15900</td>\n",
       "      <td>346</td>\n",
       "      <td>6.6</td>\n",
       "      <td>4</td>\n",
       "      <td>Central Auckland Zone</td>\n",
       "      <td>Main urban area</td>\n",
       "      <td>76</td>\n",
       "      <td>Auckland</td>\n",
       "      <td>2</td>\n",
       "      <td>Auckland Region</td>\n",
       "    </tr>\n",
       "    <tr>\n",
       "      <th>1</th>\n",
       "      <td>2</td>\n",
       "      <td>573101</td>\n",
       "      <td>Willis Street-Cambridge Terrace</td>\n",
       "      <td>447</td>\n",
       "      <td>8300</td>\n",
       "      <td>539</td>\n",
       "      <td>10.3</td>\n",
       "      <td>20</td>\n",
       "      <td>Wellington Zone</td>\n",
       "      <td>Main urban area</td>\n",
       "      <td>47</td>\n",
       "      <td>Wellington City</td>\n",
       "      <td>9</td>\n",
       "      <td>Wellington Region</td>\n",
       "    </tr>\n",
       "    <tr>\n",
       "      <th>2</th>\n",
       "      <td>3</td>\n",
       "      <td>529700</td>\n",
       "      <td>Hamilton Central</td>\n",
       "      <td>380</td>\n",
       "      <td>3170</td>\n",
       "      <td>1,199</td>\n",
       "      <td>22.9</td>\n",
       "      <td>6</td>\n",
       "      <td>Hamilton Zone</td>\n",
       "      <td>Main urban area</td>\n",
       "      <td>16</td>\n",
       "      <td>Hamilton City</td>\n",
       "      <td>3</td>\n",
       "      <td>Waikato Region</td>\n",
       "    </tr>\n",
       "    <tr>\n",
       "      <th>3</th>\n",
       "      <td>4</td>\n",
       "      <td>514103</td>\n",
       "      <td>Auckland Central East</td>\n",
       "      <td>375</td>\n",
       "      <td>13250</td>\n",
       "      <td>283</td>\n",
       "      <td>5.4</td>\n",
       "      <td>4</td>\n",
       "      <td>Central Auckland Zone</td>\n",
       "      <td>Main urban area</td>\n",
       "      <td>76</td>\n",
       "      <td>Auckland</td>\n",
       "      <td>2</td>\n",
       "      <td>Auckland Region</td>\n",
       "    </tr>\n",
       "    <tr>\n",
       "      <th>4</th>\n",
       "      <td>5</td>\n",
       "      <td>591500</td>\n",
       "      <td>Cathedral Square</td>\n",
       "      <td>305</td>\n",
       "      <td>570</td>\n",
       "      <td>5,351</td>\n",
       "      <td>102.3</td>\n",
       "      <td>22</td>\n",
       "      <td>Christchurch</td>\n",
       "      <td>Main urban area</td>\n",
       "      <td>60</td>\n",
       "      <td>Christchurch City</td>\n",
       "      <td>13</td>\n",
       "      <td>Canterbury Region</td>\n",
       "    </tr>\n",
       "    <tr>\n",
       "      <th>...</th>\n",
       "      <td>...</td>\n",
       "      <td>...</td>\n",
       "      <td>...</td>\n",
       "      <td>...</td>\n",
       "      <td>...</td>\n",
       "      <td>...</td>\n",
       "      <td>...</td>\n",
       "      <td>...</td>\n",
       "      <td>...</td>\n",
       "      <td>...</td>\n",
       "      <td>...</td>\n",
       "      <td>...</td>\n",
       "      <td>...</td>\n",
       "      <td>...</td>\n",
       "    </tr>\n",
       "    <tr>\n",
       "      <th>2015</th>\n",
       "      <td>2016</td>\n",
       "      <td>506653</td>\n",
       "      <td>Riverhead</td>\n",
       "      <td>0</td>\n",
       "      <td>3510</td>\n",
       "      <td>NaN</td>\n",
       "      <td>NaN</td>\n",
       "      <td>502</td>\n",
       "      <td>Rural (Incl.some Off Shore Islands)</td>\n",
       "      <td>Rural area</td>\n",
       "      <td>76</td>\n",
       "      <td>Auckland</td>\n",
       "      <td>2</td>\n",
       "      <td>Auckland Region</td>\n",
       "    </tr>\n",
       "    <tr>\n",
       "      <th>2016</th>\n",
       "      <td>2017</td>\n",
       "      <td>610601</td>\n",
       "      <td>Grasmere</td>\n",
       "      <td>0</td>\n",
       "      <td>3590</td>\n",
       "      <td>NaN</td>\n",
       "      <td>NaN</td>\n",
       "      <td>24</td>\n",
       "      <td>Invercargill</td>\n",
       "      <td>Main urban area</td>\n",
       "      <td>75</td>\n",
       "      <td>Invercargill City</td>\n",
       "      <td>15</td>\n",
       "      <td>Southland Region</td>\n",
       "    </tr>\n",
       "    <tr>\n",
       "      <th>2017</th>\n",
       "      <td>2018</td>\n",
       "      <td>536513</td>\n",
       "      <td>Bethlehem East</td>\n",
       "      <td>0</td>\n",
       "      <td>3590</td>\n",
       "      <td>NaN</td>\n",
       "      <td>NaN</td>\n",
       "      <td>9</td>\n",
       "      <td>Tauranga</td>\n",
       "      <td>Main urban area</td>\n",
       "      <td>23</td>\n",
       "      <td>Tauranga City</td>\n",
       "      <td>4</td>\n",
       "      <td>Bay of Plenty Region</td>\n",
       "    </tr>\n",
       "    <tr>\n",
       "      <th>2018</th>\n",
       "      <td>2019</td>\n",
       "      <td>574302</td>\n",
       "      <td>Te Kainga</td>\n",
       "      <td>0</td>\n",
       "      <td>4020</td>\n",
       "      <td>NaN</td>\n",
       "      <td>NaN</td>\n",
       "      <td>20</td>\n",
       "      <td>Wellington Zone</td>\n",
       "      <td>Main urban area</td>\n",
       "      <td>47</td>\n",
       "      <td>Wellington City</td>\n",
       "      <td>9</td>\n",
       "      <td>Wellington Region</td>\n",
       "    </tr>\n",
       "    <tr>\n",
       "      <th>2019</th>\n",
       "      <td>2020</td>\n",
       "      <td>527007</td>\n",
       "      <td>Horsham Downs</td>\n",
       "      <td>0</td>\n",
       "      <td>5440</td>\n",
       "      <td>NaN</td>\n",
       "      <td>NaN</td>\n",
       "      <td>6</td>\n",
       "      <td>Hamilton Zone</td>\n",
       "      <td>Main urban area</td>\n",
       "      <td>16</td>\n",
       "      <td>Hamilton City</td>\n",
       "      <td>3</td>\n",
       "      <td>Waikato Region</td>\n",
       "    </tr>\n",
       "  </tbody>\n",
       "</table>\n",
       "<p>2020 rows × 14 columns</p>\n",
       "</div>"
      ],
      "text/plain": [
       "      Index  Area_unit_2013_code             Area_unit_2013_label  \\\n",
       "0         1               514102            Auckland Central West   \n",
       "1         2               573101  Willis Street-Cambridge Terrace   \n",
       "2         3               529700                 Hamilton Central   \n",
       "3         4               514103            Auckland Central East   \n",
       "4         5               591500                 Cathedral Square   \n",
       "...     ...                  ...                              ...   \n",
       "2015   2016               506653                        Riverhead   \n",
       "2016   2017               610601                         Grasmere   \n",
       "2017   2018               536513                   Bethlehem East   \n",
       "2018   2019               574302                        Te Kainga   \n",
       "2019   2020               527007                    Horsham Downs   \n",
       "\n",
       "      Victimisations_calendar_year_2015  Population_mid_point_2015  \\\n",
       "0                                   550                      15900   \n",
       "1                                   447                       8300   \n",
       "2                                   380                       3170   \n",
       "3                                   375                      13250   \n",
       "4                                   305                        570   \n",
       "...                                 ...                        ...   \n",
       "2015                                  0                       3510   \n",
       "2016                                  0                       3590   \n",
       "2017                                  0                       3590   \n",
       "2018                                  0                       4020   \n",
       "2019                                  0                       5440   \n",
       "\n",
       "     Rate_per_10000_population  Rate_ratio_NZ_average_rate  \\\n",
       "0                          346                         6.6   \n",
       "1                          539                        10.3   \n",
       "2                        1,199                        22.9   \n",
       "3                          283                         5.4   \n",
       "4                        5,351                       102.3   \n",
       "...                        ...                         ...   \n",
       "2015                       NaN                         NaN   \n",
       "2016                       NaN                         NaN   \n",
       "2017                       NaN                         NaN   \n",
       "2018                       NaN                         NaN   \n",
       "2019                       NaN                         NaN   \n",
       "\n",
       "      Urban_area_2013_code                Urban_area_2013_label  \\\n",
       "0                        4                Central Auckland Zone   \n",
       "1                       20                      Wellington Zone   \n",
       "2                        6                        Hamilton Zone   \n",
       "3                        4                Central Auckland Zone   \n",
       "4                       22                         Christchurch   \n",
       "...                    ...                                  ...   \n",
       "2015                   502  Rural (Incl.some Off Shore Islands)   \n",
       "2016                    24                         Invercargill   \n",
       "2017                     9                             Tauranga   \n",
       "2018                    20                      Wellington Zone   \n",
       "2019                     6                        Hamilton Zone   \n",
       "\n",
       "      Urban_area_type  Territorial_authority_area_2013_code  \\\n",
       "0     Main urban area                                    76   \n",
       "1     Main urban area                                    47   \n",
       "2     Main urban area                                    16   \n",
       "3     Main urban area                                    76   \n",
       "4     Main urban area                                    60   \n",
       "...               ...                                   ...   \n",
       "2015       Rural area                                    76   \n",
       "2016  Main urban area                                    75   \n",
       "2017  Main urban area                                    23   \n",
       "2018  Main urban area                                    47   \n",
       "2019  Main urban area                                    16   \n",
       "\n",
       "     Territorial_authority_area_2013_label  Region_2013_code  \\\n",
       "0                                 Auckland                 2   \n",
       "1                          Wellington City                 9   \n",
       "2                            Hamilton City                 3   \n",
       "3                                 Auckland                 2   \n",
       "4                        Christchurch City                13   \n",
       "...                                    ...               ...   \n",
       "2015                              Auckland                 2   \n",
       "2016                     Invercargill City                15   \n",
       "2017                         Tauranga City                 4   \n",
       "2018                       Wellington City                 9   \n",
       "2019                         Hamilton City                 3   \n",
       "\n",
       "         Region_2013_label  \n",
       "0          Auckland Region  \n",
       "1        Wellington Region  \n",
       "2           Waikato Region  \n",
       "3          Auckland Region  \n",
       "4        Canterbury Region  \n",
       "...                    ...  \n",
       "2015       Auckland Region  \n",
       "2016      Southland Region  \n",
       "2017  Bay of Plenty Region  \n",
       "2018     Wellington Region  \n",
       "2019        Waikato Region  \n",
       "\n",
       "[2020 rows x 14 columns]"
      ]
     },
     "execution_count": 10,
     "metadata": {},
     "output_type": "execute_result"
    }
   ],
   "source": [
    "assult"
   ]
  },
  {
   "cell_type": "code",
   "execution_count": 11,
   "id": "d4c2e2af",
   "metadata": {},
   "outputs": [
    {
     "name": "stdout",
     "output_type": "stream",
     "text": [
      "<class 'pandas.core.frame.DataFrame'>\n",
      "RangeIndex: 2020 entries, 0 to 2019\n",
      "Data columns (total 14 columns):\n",
      " #   Column                                 Non-Null Count  Dtype  \n",
      "---  ------                                 --------------  -----  \n",
      " 0   Index                                  2020 non-null   int64  \n",
      " 1   Area_unit_2013_code                    2020 non-null   int64  \n",
      " 2   Area_unit_2013_label                   2020 non-null   object \n",
      " 3   Victimisations_calendar_year_2015      2020 non-null   int64  \n",
      " 4   Population_mid_point_2015              2020 non-null   int64  \n",
      " 5   Rate_per_10000_population              1603 non-null   object \n",
      " 6   Rate_ratio_NZ_average_rate             1603 non-null   float64\n",
      " 7   Urban_area_2013_code                   2020 non-null   int64  \n",
      " 8   Urban_area_2013_label                  2020 non-null   object \n",
      " 9   Urban_area_type                        2020 non-null   object \n",
      " 10  Territorial_authority_area_2013_code   2020 non-null   int64  \n",
      " 11  Territorial_authority_area_2013_label  2020 non-null   object \n",
      " 12  Region_2013_code                       2020 non-null   int64  \n",
      " 13  Region_2013_label                      2020 non-null   object \n",
      "dtypes: float64(1), int64(7), object(6)\n",
      "memory usage: 221.1+ KB\n"
     ]
    }
   ],
   "source": [
    "assult.info()"
   ]
  },
  {
   "cell_type": "code",
   "execution_count": 12,
   "id": "da4de143",
   "metadata": {},
   "outputs": [
    {
     "data": {
      "text/plain": [
       "Index                                    2020\n",
       "Area_unit_2013_code                      2020\n",
       "Area_unit_2013_label                     2020\n",
       "Victimisations_calendar_year_2015         106\n",
       "Population_mid_point_2015                 586\n",
       "Rate_per_10000_population                 237\n",
       "Rate_ratio_NZ_average_rate                101\n",
       "Urban_area_2013_code                      150\n",
       "Urban_area_2013_label                     150\n",
       "Urban_area_type                             4\n",
       "Territorial_authority_area_2013_code       68\n",
       "Territorial_authority_area_2013_label      68\n",
       "Region_2013_code                           17\n",
       "Region_2013_label                          17\n",
       "dtype: int64"
      ]
     },
     "execution_count": 12,
     "metadata": {},
     "output_type": "execute_result"
    }
   ],
   "source": [
    "assult.nunique()"
   ]
  },
  {
   "cell_type": "code",
   "execution_count": 13,
   "id": "2e595251",
   "metadata": {},
   "outputs": [
    {
     "data": {
      "text/plain": [
       "Index                                      0\n",
       "Area_unit_2013_code                        0\n",
       "Area_unit_2013_label                       0\n",
       "Victimisations_calendar_year_2015          0\n",
       "Population_mid_point_2015                  0\n",
       "Rate_per_10000_population                417\n",
       "Rate_ratio_NZ_average_rate               417\n",
       "Urban_area_2013_code                       0\n",
       "Urban_area_2013_label                      0\n",
       "Urban_area_type                            0\n",
       "Territorial_authority_area_2013_code       0\n",
       "Territorial_authority_area_2013_label      0\n",
       "Region_2013_code                           0\n",
       "Region_2013_label                          0\n",
       "dtype: int64"
      ]
     },
     "execution_count": 13,
     "metadata": {},
     "output_type": "execute_result"
    }
   ],
   "source": [
    "assult.isnull().sum()"
   ]
  },
  {
   "cell_type": "markdown",
   "id": "58a09431",
   "metadata": {},
   "source": [
    "## Data cleaning"
   ]
  },
  {
   "cell_type": "code",
   "execution_count": 14,
   "id": "cfe29fa7",
   "metadata": {},
   "outputs": [],
   "source": [
    "rate = [\"Rate_per_10000_population\"]\n",
    "for col in rate:\n",
    "    assult[col] = assult[col].str.replace(\",\",\"\").astype(float)"
   ]
  },
  {
   "cell_type": "code",
   "execution_count": 15,
   "id": "d6ff25dc",
   "metadata": {},
   "outputs": [
    {
     "data": {
      "text/plain": [
       "(None, None)"
      ]
     },
     "execution_count": 15,
     "metadata": {},
     "output_type": "execute_result"
    }
   ],
   "source": [
    "#assult = assult[assult[\"Rate_ratio_NZ_average_rate\"].notna()]\n",
    "\n",
    "assult[\"Rate_per_10000_population\"].fillna(0, inplace=True),assult[\"Rate_ratio_NZ_average_rate\"].fillna(0, inplace=True)"
   ]
  },
  {
   "cell_type": "code",
   "execution_count": 16,
   "id": "cbe0811c",
   "metadata": {},
   "outputs": [
    {
     "name": "stdout",
     "output_type": "stream",
     "text": [
      "<class 'pandas.core.frame.DataFrame'>\n",
      "RangeIndex: 2020 entries, 0 to 2019\n",
      "Data columns (total 14 columns):\n",
      " #   Column                                 Non-Null Count  Dtype  \n",
      "---  ------                                 --------------  -----  \n",
      " 0   Index                                  2020 non-null   int64  \n",
      " 1   Area_unit_2013_code                    2020 non-null   int64  \n",
      " 2   Area_unit_2013_label                   2020 non-null   object \n",
      " 3   Victimisations_calendar_year_2015      2020 non-null   int64  \n",
      " 4   Population_mid_point_2015              2020 non-null   int64  \n",
      " 5   Rate_per_10000_population              2020 non-null   float64\n",
      " 6   Rate_ratio_NZ_average_rate             2020 non-null   float64\n",
      " 7   Urban_area_2013_code                   2020 non-null   int64  \n",
      " 8   Urban_area_2013_label                  2020 non-null   object \n",
      " 9   Urban_area_type                        2020 non-null   object \n",
      " 10  Territorial_authority_area_2013_code   2020 non-null   int64  \n",
      " 11  Territorial_authority_area_2013_label  2020 non-null   object \n",
      " 12  Region_2013_code                       2020 non-null   int64  \n",
      " 13  Region_2013_label                      2020 non-null   object \n",
      "dtypes: float64(2), int64(7), object(5)\n",
      "memory usage: 221.1+ KB\n"
     ]
    }
   ],
   "source": [
    "assult.info()"
   ]
  },
  {
   "cell_type": "code",
   "execution_count": 17,
   "id": "9a2809c9",
   "metadata": {},
   "outputs": [
    {
     "data": {
      "text/plain": [
       "Index                                    0\n",
       "Area_unit_2013_code                      0\n",
       "Area_unit_2013_label                     0\n",
       "Victimisations_calendar_year_2015        0\n",
       "Population_mid_point_2015                0\n",
       "Rate_per_10000_population                0\n",
       "Rate_ratio_NZ_average_rate               0\n",
       "Urban_area_2013_code                     0\n",
       "Urban_area_2013_label                    0\n",
       "Urban_area_type                          0\n",
       "Territorial_authority_area_2013_code     0\n",
       "Territorial_authority_area_2013_label    0\n",
       "Region_2013_code                         0\n",
       "Region_2013_label                        0\n",
       "dtype: int64"
      ]
     },
     "execution_count": 17,
     "metadata": {},
     "output_type": "execute_result"
    }
   ],
   "source": [
    "assult.isnull().sum()"
   ]
  },
  {
   "cell_type": "code",
   "execution_count": 18,
   "id": "b0336499",
   "metadata": {},
   "outputs": [
    {
     "data": {
      "text/html": [
       "<div>\n",
       "<style scoped>\n",
       "    .dataframe tbody tr th:only-of-type {\n",
       "        vertical-align: middle;\n",
       "    }\n",
       "\n",
       "    .dataframe tbody tr th {\n",
       "        vertical-align: top;\n",
       "    }\n",
       "\n",
       "    .dataframe thead th {\n",
       "        text-align: right;\n",
       "    }\n",
       "</style>\n",
       "<table border=\"1\" class=\"dataframe\">\n",
       "  <thead>\n",
       "    <tr style=\"text-align: right;\">\n",
       "      <th></th>\n",
       "      <th>Index</th>\n",
       "      <th>Area_unit_2013_code</th>\n",
       "      <th>Victimisations_calendar_year_2015</th>\n",
       "      <th>Population_mid_point_2015</th>\n",
       "      <th>Rate_per_10000_population</th>\n",
       "      <th>Rate_ratio_NZ_average_rate</th>\n",
       "      <th>Urban_area_2013_code</th>\n",
       "      <th>Territorial_authority_area_2013_code</th>\n",
       "      <th>Region_2013_code</th>\n",
       "    </tr>\n",
       "  </thead>\n",
       "  <tbody>\n",
       "    <tr>\n",
       "      <th>count</th>\n",
       "      <td>2020.000000</td>\n",
       "      <td>2020.000000</td>\n",
       "      <td>2020.000000</td>\n",
       "      <td>2020.000000</td>\n",
       "      <td>2020.000000</td>\n",
       "      <td>2020.000000</td>\n",
       "      <td>2020.000000</td>\n",
       "      <td>2020.000000</td>\n",
       "      <td>2020.000000</td>\n",
       "    </tr>\n",
       "    <tr>\n",
       "      <th>mean</th>\n",
       "      <td>1010.500000</td>\n",
       "      <td>558310.185644</td>\n",
       "      <td>11.898515</td>\n",
       "      <td>2274.975248</td>\n",
       "      <td>68.946040</td>\n",
       "      <td>1.318416</td>\n",
       "      <td>190.513861</td>\n",
       "      <td>71.168317</td>\n",
       "      <td>8.205941</td>\n",
       "    </tr>\n",
       "    <tr>\n",
       "      <th>std</th>\n",
       "      <td>583.268092</td>\n",
       "      <td>36014.196850</td>\n",
       "      <td>27.959854</td>\n",
       "      <td>1871.846299</td>\n",
       "      <td>279.624955</td>\n",
       "      <td>5.346143</td>\n",
       "      <td>221.931445</td>\n",
       "      <td>143.492317</td>\n",
       "      <td>10.171251</td>\n",
       "    </tr>\n",
       "    <tr>\n",
       "      <th>min</th>\n",
       "      <td>1.000000</td>\n",
       "      <td>500100.000000</td>\n",
       "      <td>0.000000</td>\n",
       "      <td>0.000000</td>\n",
       "      <td>0.000000</td>\n",
       "      <td>0.000000</td>\n",
       "      <td>1.000000</td>\n",
       "      <td>1.000000</td>\n",
       "      <td>1.000000</td>\n",
       "    </tr>\n",
       "    <tr>\n",
       "      <th>25%</th>\n",
       "      <td>505.750000</td>\n",
       "      <td>526176.500000</td>\n",
       "      <td>1.000000</td>\n",
       "      <td>660.000000</td>\n",
       "      <td>7.000000</td>\n",
       "      <td>0.100000</td>\n",
       "      <td>10.000000</td>\n",
       "      <td>31.000000</td>\n",
       "      <td>2.000000</td>\n",
       "    </tr>\n",
       "    <tr>\n",
       "      <th>50%</th>\n",
       "      <td>1010.500000</td>\n",
       "      <td>555350.000000</td>\n",
       "      <td>4.000000</td>\n",
       "      <td>1985.000000</td>\n",
       "      <td>23.000000</td>\n",
       "      <td>0.400000</td>\n",
       "      <td>23.000000</td>\n",
       "      <td>53.000000</td>\n",
       "      <td>7.000000</td>\n",
       "    </tr>\n",
       "    <tr>\n",
       "      <th>75%</th>\n",
       "      <td>1515.250000</td>\n",
       "      <td>587302.250000</td>\n",
       "      <td>13.000000</td>\n",
       "      <td>3462.500000</td>\n",
       "      <td>54.000000</td>\n",
       "      <td>1.000000</td>\n",
       "      <td>502.000000</td>\n",
       "      <td>75.000000</td>\n",
       "      <td>13.000000</td>\n",
       "    </tr>\n",
       "    <tr>\n",
       "      <th>max</th>\n",
       "      <td>2020.000000</td>\n",
       "      <td>666673.000000</td>\n",
       "      <td>550.000000</td>\n",
       "      <td>15900.000000</td>\n",
       "      <td>5750.000000</td>\n",
       "      <td>109.900000</td>\n",
       "      <td>511.000000</td>\n",
       "      <td>999.000000</td>\n",
       "      <td>99.000000</td>\n",
       "    </tr>\n",
       "  </tbody>\n",
       "</table>\n",
       "</div>"
      ],
      "text/plain": [
       "             Index  Area_unit_2013_code  Victimisations_calendar_year_2015  \\\n",
       "count  2020.000000          2020.000000                        2020.000000   \n",
       "mean   1010.500000        558310.185644                          11.898515   \n",
       "std     583.268092         36014.196850                          27.959854   \n",
       "min       1.000000        500100.000000                           0.000000   \n",
